tree
version=v4
num_class=1
num_tree_per_iteration=1
label_index=0
max_feature_idx=53
objective=binary sigmoid:1
feature_names=kol1_idx kol2_idx combo_B→A combo_D→A combo_C→A combo_K→A combo_D→C combo_C→D combo_B→C combo_A→C combo_D→E combo_B→E combo_C→E combo_D→B combo_C→B combo_E→B combo_A→G combo_D→K combo_A→K combo_C→K combo_K→C combo_A→D combo_B→D combo_B→H combo_K→B combo_K→D combo_other kol_count_at_entry kol1_buy_usd kol2_buy_usd combined_notional kol1_7d_wr kol2_7d_wr delta_blocks entry_mcap bonding_curve_pct age_blocks dev_sell_usd dev_sell_pct holder_count holder_growth_k1k2 deployer_grads deployer_grad_rate hour_utc dow bnb_price btc_4h_chg bnb_4h_chg k1k2_ratio dev_sell_rate kol1_held kol2_held deployer_reputation_score deployer_prior_avg_peak_mult
feature_infos=[0:10] [0:10] [0:1] [0:1] [0:1] [0:1] [0:1] [0:1] [0:1] [0:1] none none none [0:1] [0:1] none none none none [0:1] [0:1] [0:1] none none none none [0:1] [1:4] [0:643] [0:3475] [0:3542] [0:0.5] [0:1] [0:1347202] [0:175251] [0:0.5900999903678894] [1:1614908] [0:21384] [0:0.50373834371566772] [0:1399] [-0.92307692766189575:38.285713195800781] [0:9] [0:1] [0:23] [0:6] [607.80999755859375:685.21002197265625] [-2.6812033653259277:2.6180408000946045] [-2.7670814990997314:2.2519781589508057] [0:15] [0:1820.5] [0:1] none [-78.868400573730469:95] [0:170.6829833984375]
tree_sizes=1178 1393 1392 1385 1392 1395 1288 1287 1280 1397 1400 1288 1393 1270 1399 1288 1073 1391 1181 1490

Tree=0
num_leaves=10
num_cat=0
split_feature=28 34 48 32 48 28 34 34 0
split_gain=118.682 79.6852 53.1439 28.8813 16.7792 7.74951 6.76669 4.67689 1.37371
threshold=1.0000000180025095e-35 4891.5000000000009 0.83728626370430004 0.21807064861059192 1.0000000180025095e-35 19.500000000000004 3888.5000000000005 4295.5000000000009 4.5000000000000009
decision_type=2 2 2 2 2 2 2 2 2
left_child=8 5 4 -4 -3 6 -2 -7 -1
right_child=1 2 3 -5 -6 7 -8 -9 -10
leaf_value=-0.97291571352512052 -0.58884028017261703 -0.77612742798781442 -0.82526231945830497 -0.59821591359532733 -0.66148857362100055 -0.52319971900888174 -0.72044808008529282 -0.6224552534072807 -0.90205967418934707
leaf_weight=17.766383349895481 10.143406525254251 16.303476914763451 66.738502934575081 6.1160070598125449 58.868770971894264 17.325749158859256 6.3539496660232535 6.5390161871910086 3.2342572957277289
leaf_count=84 26 59 260 16 175 38 21 18 14
internal_value=-0.736514 -0.711378 -0.745339 -0.806202 -0.686352 -0.586828 -0.639529 -0.550396 -0.962003
internal_weight=209.39 188.389 148.027 72.8545 75.1722 40.3621 16.4974 23.8648 21.0006
internal_count=711 613 510 276 234 103 47 56 98
is_linear=0
shrinkage=1


Tree=1
num_leaves=12
num_cat=0
split_feature=28 34 29 34 48 36 34 37 32 26 31
split_gain=93.8102 59.0548 69.048 21.8097 12.9537 8.97603 9.47423 1.67224 1.34957 0.000950211 8.34408e-06
threshold=1.0000000180025095e-35 5863.5000000000009 62.500000000000007 8803.0000000000018 0.35557506978511816 9.5000000000000018 4240.5000000000009 1.0000000180025095e-35 0.049822695553302772 1.0000000180025095e-35 0.064665470272302641
decision_type=2 2 2 2 2 2 2 2 2 2 2
left_child=8 5 3 -3 -4 7 -7 -2 -1 10 -10
right_child=1 2 4 -5 -6 6 -8 -9 9 -11 -12
leaf_value=-0.067845341271055001 0.28068970795641096 0.062925187103765462 0.22859051056532473 -0.037800227490394724 0.12213671986305195 0.20377556932128327 0.10546692789541437 0.21917782922977269 -0.13798837845542275 -0.1396671915655637 -0.13779793151238573
leaf_weight=3.2573601007461574 7.3500416278839138 41.546765074133873 16.877137273550034 44.544484153389931 35.420192420482635 21.627377569675446 17.930284783244133 11.084952861070631 2.9921529740095165 3.6582157909870139 9.9529691040515882
leaf_count=15 14 143 39 180 106 50 55 26 15 18 50
internal_value=0.0804152 0.101361 0.0658624 0.0108088 0.156491 0.186073 0.159215 0.243703 -0.126698 -0.138244 -0.137842
internal_weight=216.242 196.381 138.389 86.0912 52.2973 57.9927 39.5577 18.435 19.8607 16.6033 12.9451
internal_count=711 613 468 323 145 145 105 40 98 83 65
is_linear=0
shrinkage=0.1


Tree=2
num_leaves=12
num_cat=0
split_feature=28 48 30 32 30 28 39 28 0 32 45
split_gain=75.4608 46.8487 21.9629 14.7442 12.7853 14.6786 13.2835 10.8741 1.40203 0.00118155 5.25827e-08
threshold=1.0000000180025095e-35 0.75181159377098095 86.500000000000014 0.21807064861059192 68.500000000000014 47.500000000000007 63.000000000000007 51.500000000000007 4.5000000000000009 0.050820881500840194 641.95498657226574
decision_type=2 2 2 2 2 2 2 2 2 2 2
left_child=8 4 7 -4 5 -2 -6 -3 9 -1 -11
right_child=1 2 3 -5 6 -7 -8 -9 -10 10 -12
leaf_value=-0.1351645269467644 0.10799802136278014 0.10850668556456018 -0.023750284128169753 0.17325782491498673 0.17386242793510559 -0.091985854016629537 0.044446661420581915 -0.034324429502183382 -0.058356882217231877 -0.13291642299291329 -0.13293014581458173
leaf_weight=2.8866909742355373 29.962564170360565 38.353377491235733 46.446919173002243 4.1372352391481391 63.518729984760284 4.1825689375400534 9.0628235191106779 6.1905831247568122 2.9632410854101172 4.0989996343851081 8.7587981969118101
leaf_count=15 84 114 182 10 151 18 29 25 14 22 47
internal_value=0.0706741 0.0884808 0.0374526 -0.00763716 0.133964 0.0835012 0.157703 0.0886565 -0.12146 -0.133336 -0.132926
internal_weight=220.563 201.855 95.1281 50.5842 106.727 34.1451 72.5816 44.544 18.7077 15.7445 12.8578
internal_count=711 613 331 192 282 102 180 139 98 84 69
is_linear=0
shrinkage=0.1


Tree=3
num_leaves=12
num_cat=0
split_feature=34 34 29 34 33 34 33 30 0 38 52
split_gain=62.9897 40.2312 47.2521 17.8686 11.0938 5.95653 8.60157 4.50026 0.00214031 3.98694e-05 1.3323e-05
threshold=1.0000000180025095e-35 5863.5000000000009 62.500000000000007 8803.0000000000018 64.500000000000014 4240.5000000000009 224.00000000000003 69.500000000000014 3.5000000000000004 0.062893774360418334 16.003450393676761
decision_type=2 2 2 2 2 2 2 2 2 2 2
left_child=8 5 3 -3 -4 7 -7 -2 9 10 -1
right_child=1 2 4 -5 -6 6 -8 -9 -10 -11 -12
leaf_value=-0.12882910176010029 0.13981943652079984 0.049033957329793917 0.059048723382032743 -0.040741473639732191 0.1527046530203674 0.065502804323367095 0.18289464993783094 0.21127204935610322 -0.13211879991620251 -0.12927737605956111 -0.12910269716389039
leaf_weight=5.5584413111209852 20.267687618732452 43.208041325211525 19.32814484834671 45.534739509224892 36.592633217573166 16.994674444198612 9.8647314906120283 15.598474904894827 2.7547695785760871 4.9027514159679404 2.6182456463575363
leaf_count=32 47 144 57 185 88 50 22 28 15 28 15
internal_value=0.0626616 0.0773397 0.0483375 0.00296936 0.120334 0.144227 0.108618 0.170895 -0.129585 -0.129052 -0.128917
internal_weight=223.223 207.389 144.664 88.7428 55.9208 62.7256 26.8594 35.8662 15.8342 13.0794 8.17669
internal_count=711 621 474 329 145 147 72 75 90 75 47
is_linear=0
shrinkage=0.1


Tree=4
num_leaves=12
num_cat=0
split_feature=34 34 48 30 32 34 46 30 0 32 38
split_gain=52.1869 31.8033 22.5048 24.3329 20.8224 4.9622 7.51749 3.7578 0.00144629 0.000167617 1.42019e-08
threshold=1.0000000180025095e-35 5863.5000000000009 1.0198194384574892 84.500000000000014 0.21807064861059192 4240.5000000000009 -0.23349589109420774 69.500000000000014 3.5000000000000004 0.061742682009935386 0.02839198894798756
decision_type=2 2 2 2 2 2 2 2 2 2 2
left_child=8 5 3 -3 -4 7 -7 -2 9 -1 -11
right_child=1 2 4 -5 -6 6 -8 -9 -10 10 -12
leaf_value=-0.12624120925373786 0.12396241145251802 -0.015131411725721048 -0.027254747279933534 0.10379329115265601 0.18407985381407038 0.011280071751896451 0.12820179666687426 0.18894902874076949 -0.12814789388989542 -0.12534356833944391 -0.12533584104725529
leaf_weight=2.6326179951429358 20.556202113628387 23.051822558045387 49.766372323036194 67.829265028238297 5.1440986841917029 7.6162505000829723 19.781008869409561 15.688902646303175 2.5658316612243643 4.6780154854059202 4.8384463936090469
leaf_count=16 47 85 197 181 11 24 48 28 15 29 30
internal_value=0.0560454 0.0688353 0.0430887 0.0736283 -0.00745659 0.127815 0.0956984 0.152092 -0.125991 -0.125535 -0.12534
internal_weight=224.149 209.434 145.792 90.8811 54.9105 63.6424 27.3973 36.2451 14.7149 12.1491 9.51646
internal_count=711 621 474 266 208 147 72 75 90 75 59
is_linear=0
shrinkage=0.1


Tree=5
num_leaves=12
num_cat=0
split_feature=34 34 29 34 34 28 36 26 39 32 38
split_gain=43.6015 25.7463 34.6786 14.7222 13.6318 5.70869 5.25636 0.000741047 2.39445e-05 4.69986e-05 2.11826e-08
threshold=1.0000000180025095e-35 5679.5000000000009 87.500000000000014 27485.500000000004 8803.0000000000018 7.5000000000000009 9.5000000000000018 1.0000000180025095e-35 4.5000000000000009 0.10856469348073007 0.025269394740462307
decision_type=2 2 2 2 2 2 2 2 2 2 2
left_child=7 5 4 -4 -3 -2 -7 8 9 -1 -10
right_child=1 2 3 -5 -6 6 -8 -9 10 -11 -12
leaf_value=-0.1229716486001533 0.034715438664365779 0.049635229833999664 0.17844410663607579 0.039015328741653012 -0.01850452201257485 0.17386326972762661 0.10652015171220784 -0.12422206625145067 -0.12235878700169406 -0.12235624055322381 -0.12234623196934057
leaf_weight=2.4277208000421506 7.3161425590515128 56.439504116773605 21.685686007142067 11.636797621846197 61.191504299640656 17.418358415365219 34.640877783298492 3.288890689611434 2.6881309747695923 2.5386067181825638 2.6871718019247055
leaf_count=16 21 177 42 34 233 33 81 21 18 17 18
internal_value=0.0504097 0.0616421 0.0396994 0.129753 0.014189 0.117428 0.129052 -0.122915 -0.122499 -0.122657 -0.122353
internal_weight=223.959 210.329 150.953 33.3225 117.631 59.3754 52.0592 13.6305 10.3416 4.96633 5.3753
internal_count=711 621 486 76 410 135 114 90 69 33 36
is_linear=0
shrinkage=0.1


Tree=6
num_leaves=11
num_cat=0
split_feature=28 48 28 1 36 33 28 31 1 31
split_gain=35.4632 23.5361 11.5229 13.9761 13.745 10.4162 6.77441 1.43027 0.00621828 4.0719e-05
threshold=1.0000000180025095e-35 0.75181159377098095 50.500000000000007 2.5000000000000004 15.500000000000002 2.5000000000000004 11.500000000000002 0.049822695553302772 4.5000000000000009 0.19504830986261371
decision_type=2 2 2 2 2 2 2 2 2 2
left_child=7 5 4 -4 -3 -2 -7 -1 9 -9
right_child=1 2 3 -5 -6 6 -8 8 -10 -11
leaf_value=-0.039066358452934567 -0.054002402428286723 0.12169878028856827 -0.053674305230212632 0.059564499459930309 0.012912060921305608 0.019132845886744975 0.10258633311502539 -0.11988151771731043 -0.12561948358685196 -0.12038157111398912
leaf_weight=2.5863434225320807 4.9733466506004325 18.692804351449013 31.600261703133583 16.637662008404732 30.67065617442131 10.832555115222929 95.315837189555168 7.1919934153556806 2.4923658221960059 2.1050311475992203
leaf_count=15 17 46 130 53 102 31 234 52 16 15
internal_value=0.0455084 0.0559717 0.0201412 -0.0146173 0.0541071 0.0874427 0.0940698 -0.10641 -0.121184 -0.119995
internal_weight=223.099 208.723 97.6014 48.2379 49.3635 111.122 106.148 14.3757 11.7894 9.29702
internal_count=711 613 331 183 148 282 265 98 83 67
is_linear=0
shrinkage=0.1


Tree=7
num_leaves=11
num_cat=0
split_feature=34 34 33 34 30 30 30 0 32 31
split_gain=31.2932 21.1362 14.7296 19.0824 12.5331 3.54644 4.18397 0.00101966 5.07924e-05 2.52003e-05
threshold=1.0000000180025095e-35 4240.5000000000009 63.500000000000007 18159.000000000004 145.50000000000003 69.500000000000014 55.500000000000007 3.5000000000000004 0.061742682009935386 0.07882553339004518
decision_type=2 2 2 2 2 2 2 2 2 2
left_child=7 5 4 -4 -3 6 -2 8 -1 -10
right_child=1 2 3 -5 -6 -7 -8 -9 9 -11
leaf_value=-0.11819947849994678 0.12417589221588661 -0.011547789186490557 0.091476848116990722 -0.012014384421980363 0.091709193882891504 0.1575836839062956 0.026657859728984101 -0.12020084758798073 -0.11795253168407474 -0.11753367168093154
leaf_weight=2.0825735032558423 13.940314173698427 70.482673421502113 66.343073099851608 24.358163058757782 14.107741415500639 14.909631952643393 6.4285534024238578 2.0878658294677725 1.9337307959794996 5.5846991986036301
leaf_count=16 30 247 177 84 38 28 17 15 15 44
internal_value=0.0410622 0.0499028 0.0356896 0.0636839 0.00567311 0.120525 0.0933985 -0.118198 -0.117762 -0.117641
internal_weight=222.259 210.57 175.292 90.7012 84.5904 35.2785 20.3689 11.6889 9.601 7.51843
internal_count=711 621 546 261 285 75 47 90 75 59
is_linear=0
shrinkage=0.1


Tree=8
num_leaves=11
num_cat=0
split_feature=34 34 29 4 39 30 1 0 32 31
split_gain=26.5686 18.048 22.7536 15.7537 8.84989 3.36305 3.13354 0.000714736 3.56441e-05 1.77272e-05
threshold=1.0000000180025095e-35 4240.5000000000009 75.500000000000014 1.0000000180025095e-35 57.500000000000007 72.500000000000014 2.5000000000000004 3.5000000000000004 0.061742682009935386 0.07882553339004518
decision_type=2 2 2 2 2 2 2 2 2 2
left_child=7 5 3 -3 -4 6 -2 8 -1 -10
right_child=1 2 4 -5 -6 -7 -8 -9 9 -11
leaf_value=-0.11617110916591099 0.060399390382491792 0.020920943176244048 0.11931825239602618 -0.11294773901644937 0.012730310929830145 0.15527872695222822 0.13666103144243627 -0.11791654513096411 -0.1159557296234689 -0.11558937310984213
leaf_weight=1.9155958890914897 14.343461453914644 122.57104344666004 33.549653828144073 9.4698823839426023 10.145302966237066 11.506122678518294 8.6295312345027906 1.9238869324326504 1.7782895192503927 5.1338638812303543
leaf_count=16 35 403 74 39 30 22 18 15 15 44
internal_value=0.037156 0.044998 0.0320193 0.01132 0.0945702 0.111149 0.0890462 -0.11617 -0.115789 -0.115684
internal_weight=220.967 210.215 175.736 132.041 43.695 34.4791 22.973 10.7516 8.82775 6.91215
internal_count=711 621 546 442 104 75 53 90 75 59
is_linear=0
shrinkage=0.1


Tree=9
num_leaves=12
num_cat=0
split_feature=34 34 30 28 33 34 42 30 31 26 32
split_gain=22.6801 17.5916 12.6375 19.3737 11.2471 12.1502 9.3884 9.34948 0.000379916 7.64487e-05 6.59529e-06
threshold=1.0000000180025095e-35 8803.0000000000018 145.50000000000003 82.500000000000014 108.00000000000001 4550.0000000000009 0.21111100167036059 72.500000000000014 0.054616477340459831 1.0000000180025095e-35 0.08842144533991815
decision_type=2 2 2 2 2 2 2 2 2 2 2
left_child=8 4 6 -4 5 -2 -3 -6 -1 10 -10
right_child=1 2 3 -5 7 -7 -8 -9 9 -11 -12
leaf_value=-0.11573242630479959 0.09784563078234057 -0.039296196276261935 0.12958653865934697 -0.019335245354983314 0.055818599998649812 0.014317509392315825 0.088529134030256584 0.14921581785587087 -0.11411936572650208 -0.11471119291423448 -0.11389123822997455
leaf_weight=1.7525667622685421 26.409148395061493 47.014191940426826 17.125544562935829 17.831469029188156 19.772660821676254 51.132895559072495 6.5459108203649512 23.405571341514587 1.7335212454199771 1.6733191013336179 4.7120784968137741
leaf_count=15 60 181 36 61 52 162 20 49 16 15 44
internal_value=0.0337252 0.0407134 0.00685166 0.053622 0.0655423 0.0427654 -0.0236739 0.106446 -0.114397 -0.114109 -0.113953
internal_weight=219.109 209.237 88.5171 34.957 120.72 77.542 53.5601 43.1782 9.87149 8.11892 6.4456
internal_count=711 621 298 97 323 222 201 101 90 75 60
is_linear=0
shrinkage=0.1


Tree=10
num_leaves=12
num_cat=0
split_feature=34 34 48 30 32 32 28 34 0 32 31
split_gain=19.4565 14.3584 13.6234 12.1258 7.61455 10.7011 7.24062 5.17865 0.000362801 1.78469e-05 8.67381e-06
threshold=1.0000000180025095e-35 8803.0000000000018 1.2970588207244875 126.50000000000001 0.12746614962816241 0.11636904627084733 50.500000000000007 7438.5000000000009 3.5000000000000004 0.061742682009935386 0.07882553339004518
decision_type=2 2 2 2 2 2 2 2 2 2 2
left_child=8 4 3 -3 5 -2 -4 -6 9 -1 -11
right_child=1 2 6 -5 7 -7 -8 -9 -10 10 -12
leaf_value=-0.11283968243372378 0.052239401499938623 -0.013525766095668449 0.039285769303911158 0.074412706995390779 0.074265725997955195 -0.084748321178395633 -0.086465639715956125 0.15732093405834799 -0.11419499138164733 -0.11267115107871449 -0.11239171269934888
leaf_weight=1.6120179519057254 73.769242346286774 30.893982321023941 6.0329742580652264 31.841343775391579 29.877631336450577 6.1802254468202582 18.995875999331474 10.02665790915489 1.6248266473412512 1.4957299977540968 4.3163237422704697
leaf_count=16 203 112 21 80 76 22 85 22 15 15 44
internal_value=0.0306976 0.0369536 0.00622185 0.0311074 0.0594573 0.04165 -0.0561544 0.0951348 -0.112842 -0.112545 -0.112464
internal_weight=216.667 207.618 87.7642 62.7353 119.854 79.9495 25.0289 39.9043 9.0489 7.42407 5.81205
internal_count=711 621 298 192 323 225 106 98 90 75 59
is_linear=0
shrinkage=0.1


Tree=11
num_leaves=11
num_cat=0
split_feature=34 34 29 4 34 30 30 0 32 31
split_gain=16.7198 13.1305 16.9571 12.0619 9.22242 3.5549 3.53784 0.000258554 1.27273e-05 6.19615e-06
threshold=1.0000000180025095e-35 4240.5000000000009 87.500000000000014 1.0000000180025095e-35 27485.500000000004 69.500000000000014 55.500000000000007 3.5000000000000004 0.061742682009935386 0.07882553339004518
decision_type=2 2 2 2 2 2 2 2 2 2
left_child=7 5 3 -3 -4 6 -2 8 -1 -10
right_child=1 2 4 -5 -6 -7 -8 -9 9 -11
leaf_value=-0.11146988480152593 0.094398205148672462 0.015831900462311956 0.12806155127887478 -0.097048112920799456 0.016703720008681908 0.13297728026442687 0.0026694877522340978 -0.11266497167371192 -0.11132128338982342 -0.11107440273914711
leaf_weight=1.475618027150629 13.148870885372164 131.8733071833849 20.677015274763107 10.198396533727644 11.614652141928671 12.820169761776922 6.1812008321285239 1.4891435503959654 1.3689610511064527 3.94951281696558
leaf_count=16 30 427 43 42 34 28 17 15 15 44
internal_value=0.0278365 0.0334241 0.0225965 0.00772898 0.0880084 0.0921462 0.065066 -0.111472 -0.11121 -0.111138
internal_weight=214.797 206.514 174.363 142.072 32.2917 32.1502 19.3301 8.28324 6.79409 5.31847
internal_count=711 621 546 469 77 75 47 90 75 59
is_linear=0
shrinkage=0.1


Tree=12
num_leaves=12
num_cat=0
split_feature=34 34 29 34 33 36 48 33 26 42 33
split_gain=14.4453 11.947 16.9018 13.7831 8.97872 4.70008 4.85723 1.63914 0.00010737 9.2266e-06 8.658e-07
threshold=1.0000000180025095e-35 5863.5000000000009 59.500000000000007 26827.000000000004 71.000000000000014 9.5000000000000018 0.75683665275573742 41.500000000000007 1.0000000180025095e-35 0.083835002034902587 41.500000000000007
decision_type=2 2 2 2 2 2 2 2 2 2 2
left_child=8 5 3 -3 -4 7 -7 -2 9 10 -1
right_child=1 2 4 -5 -6 6 -8 -9 -10 -11 -12
leaf_value=-0.10992916962882143 0.079618097417740813 -0.001176982146529279 0.0065391693750061755 -0.14463084606287244 0.086022439310735749 0.07144144947297891 -0.0051111179896120035 0.14056730808716542 -0.11092305639805128 -0.11025137521240339 -0.11002199518202077
leaf_weight=2.382482908666133 8.4165793508291262 78.568482041358948 22.982948422431946 7.321821302175521 37.242172464728355 29.45396614074707 11.53406749665737 9.2748516798019391 1.8545381575822828 1.5983103886246679 1.7376629039645193
leaf_count=29 21 277 69 36 92 73 34 19 21 19 21
internal_value=0.0253647 0.0303799 0.0150738 -0.0134059 0.0556902 0.068493 0.0498995 0.111571 -0.110262 -0.110047 -0.109968
internal_weight=212.368 204.795 146.115 85.8903 60.2251 58.6795 40.988 17.6914 7.57299 5.71846 4.12015
internal_count=711 621 474 313 161 147 107 40 90 69 50
is_linear=0
shrinkage=0.1


Tree=13
num_leaves=11
num_cat=0
split_feature=28 34 29 39 34 34 30 30 0 46
split_gain=12.6644 11.3133 12.4388 10.1479 8.42538 3.86034 3.62454 4.70854 0.129785 0.117718
threshold=4.5000000000000009 4295.5000000000009 87.500000000000014 169.50000000000003 27485.500000000004 3699.5000000000005 69.500000000000014 55.500000000000007 4.5000000000000009 0.09757524356245996
decision_type=2 2 2 2 2 2 2 2 2 2
left_child=5 6 3 -3 -4 8 7 -2 9 -1
right_child=1 2 4 -5 -6 -7 -8 -9 -10 -11
leaf_value=-0.10898508722449987 0.095203642395634613 0.01152174458503955 0.11581854517168362 -0.1223153610952049 0.0083337413855777819 0.025097968380004967 0.1273221102857319 -0.012583360702611464 -0.1497024220535578 -0.14453443105479963
leaf_weight=5.1408950686454755 11.253964111208921 132.97635455429554 19.545104995369915 5.9174107760190955 11.633651062846182 2.3521811813116074 12.200173184275625 6.3336596190929404 1.3405654430389402 1.1376190334558485
leaf_count=68 26 434 43 25 34 9 29 18 12 13
internal_value=0.0231027 0.0285902 0.018633 0.00581977 0.075713 -0.0868854 0.0854401 0.0563874 -0.121457 -0.115426
internal_weight=209.832 199.86 170.073 138.894 31.1788 9.97126 29.7878 17.5876 7.61908 6.27851
internal_count=711 609 536 459 77 102 73 44 93 81
is_linear=0
shrinkage=0.1


Tree=14
num_leaves=12
num_cat=0
split_feature=34 34 29 33 33 29 38 36 0 32 42
split_gain=10.78 9.91001 15.2987 11.0691 9.46797 12.1399 7.75338 7.73429 5.90351e-05 2.88361e-06 1.33153e-06
threshold=1.0000000180025095e-35 8803.0000000000018 59.500000000000007 17972.500000000004 108.00000000000001 48.500000000000007 0.10443516448140146 129.50000000000003 3.5000000000000004 0.061742682009935386 0.089087501168251051
decision_type=2 2 2 2 2 2 2 2 2 2 2
left_child=8 4 3 -3 6 -6 -2 -4 9 -1 -11
right_child=1 2 7 -5 5 -7 -8 -9 -10 10 -12
leaf_value=-0.10815479299604652 0.032695576838825527 -0.063717678505775963 0.073559429757397238 0.099985968394011207 0.039447193945969225 0.15107380842985768 -0.083722762471961643 -0.011584142101298288 -0.10881558829958851 -0.10793925526307116 -0.10807077258320225
leaf_weight=1.1138921752572049 68.41713148355484 36.12678062915802 26.870960712432861 4.6636464446783057 25.109684675931931 15.919595390558241 6.242667853832244 17.694084092974663 1.1128773987293241 2.9974711537361145 1.0358415618538854
leaf_count=16 200 157 70 16 68 33 22 55 15 44 15
internal_value=0.0210743 0.0250982 -0.000749496 -0.0450011 0.0441686 0.082759 0.0229613 0.0397541 -0.108155 -0.108012 -0.107973
internal_weight=207.305 201.045 85.3555 40.7904 115.689 41.0293 74.6598 44.565 6.26008 5.1472 4.03331
internal_count=711 621 298 173 323 101 222 125 90 75 59
is_linear=0
shrinkage=0.1


Tree=15
num_leaves=11
num_cat=0
split_feature=28 34 4 29 33 34 30 47 47 39
split_gain=9.45253 9.58861 10.6383 9.69409 6.62384 3.5063 2.89566 3.48375 0.190142 0.0155816
threshold=4.5000000000000009 4240.5000000000009 1.0000000180025095e-35 69.500000000000014 678.00000000000011 3699.5000000000005 72.500000000000014 -1.0000000180025095e-35 -0.28344756364822382 18.500000000000004
decision_type=2 2 2 2 2 2 2 2 2 2
left_child=5 6 3 -3 -4 8 7 -2 -1 -10
right_child=1 2 4 -5 -6 -7 -8 -9 9 -11
leaf_value=-0.14901794155853251 0.092451657795949244 0.0067744131967671737 -0.11667649856897418 0.062755389202923617 0.043026486696639415 0.02235175722472324 0.12754191230877984 0.005205224330164588 -0.10733047214480361 -0.12171423135055202
leaf_weight=1.7293606363236902 11.261553123593332 113.36483676731586 9.3463582098484022 42.541313543915749 3.5964046865701667 2.3385293185710907 8.3917998671531659 7.7100489735603359 3.7454742044210416 0.94267296791076649
leaf_count=22 27 377 40 110 11 9 22 22 59 12
internal_value=0.0191802 0.0237167 0.0148175 0.0220497 -0.0722998 -0.0824775 0.0786301 0.0569948 -0.120677 -0.110223
internal_weight=204.968 196.212 168.849 155.906 12.9428 8.75604 27.3634 18.9716 6.41751 4.68815
internal_count=711 609 538 487 51 102 71 49 93 71
is_linear=0
shrinkage=0.1


Tree=16
num_leaves=9
num_cat=0
split_feature=28 32 34 52 34 34 47 39
split_gain=8.05281 8.90527 9.02227 9.77926 9.43522 3.26055 0.160887 0.0123348
threshold=4.5000000000000009 0.29448197782039648 8803.0000000000018 22.413699150085453 8412.0000000000018 3699.5000000000005 -0.28344756364822382 18.500000000000004
decision_type=2 2 2 2 2 2 2 2
left_child=5 2 4 -4 -2 6 -1 -8
right_child=1 -3 3 -5 -6 -7 7 -9
leaf_value=-0.14654698692036325 0.027617085764141014 0.1275116712474178 -0.024366666928899983 0.067671192707054226 0.13887237336424943 0.020011211494464446 -0.10658469404301277 -0.11995563958918065
leaf_weight=1.58986334875226 98.905455261468887 7.6213176399469367 65.806047886610031 14.000577241182325 8.2592827975749952 2.350188672542572 3.4115462303161603 0.864833753556013
leaf_count=22 288 17 243 42 19 9 59 12
internal_value=0.0174594 0.0215539 0.0172349 -0.00822035 0.0361916 -0.0795138 -0.119386 -0.109289
internal_weight=202.809 194.593 186.971 79.8066 107.165 8.21643 5.86624 4.27638
internal_count=711 609 592 285 307 102 93 71
is_linear=0
shrinkage=0.1


Tree=17
num_leaves=12
num_cat=0
split_feature=28 48 30 32 47 34 30 34 34 38 0
split_gain=6.97705 11.3416 8.64129 9.1499 7.73306 7.44537 6.89765 5.35044 6.00788 1.75999 0.0758401
threshold=11.500000000000002 0.75181159377098095 86.500000000000014 0.12746614962816241 0.11505758017301561 45579.500000000007 163.50000000000003 6655.5000000000009 3388.0000000000005 0.011709354352205993 4.5000000000000009
decision_type=2 2 2 2 2 2 2 2 2 2 2
left_child=7 5 4 -4 -3 6 -2 8 10 -10 -1
right_child=1 2 3 -5 -6 -7 -8 -9 9 -11 -12
leaf_value=-0.10569670997429972 0.040105911868138611 0.04558404630608888 -0.060190896633803961 0.028988472566740281 -0.082341527606451984 -0.072810687421379014 0.11150716572358321 -0.16672572759363277 0.059274738216592564 -0.021932880879959794 -0.13901583308759966
leaf_weight=4.0713193938136127 65.231650501489639 39.258267909288406 33.951724380254745 17.401912704110146 5.3719865828752509 4.8317411392927161 17.07029002904892 2.9257808476686469 5.8711877167224866 4.8929412364959717 0.82088210433721531
leaf_count=80 190 117 136 56 20 17 40 14 15 15 11
internal_value=0.0157877 0.0217124 -0.00199947 -0.0299712 0.0301861 0.0478326 0.0549153 -0.0425972 -0.0194007 0.022361 -0.111287
internal_weight=201.7 183.118 95.9839 51.3536 44.6303 87.1337 82.3019 18.5821 15.6563 10.7641 4.8922
internal_count=711 576 329 192 137 247 230 135 121 30 91
is_linear=0
shrinkage=0.1


Tree=18
num_leaves=10
num_cat=0
split_feature=32 32 39 48 28 45 34 32 31
split_gain=6.72198 12.7679 10.0031 8.77741 7.75004 7.01696 5.98225 5.56488 3.84188
threshold=1.0000000180025095e-35 0.08314132317900659 17.500000000000004 1.16472864151001 9.5000000000000018 626.93499755859386 4550.0000000000009 0.066946782171726241 0.11733416840434076
decision_type=2 2 2 2 2 2 2 2 2
left_child=8 2 3 -2 5 -3 -6 -4 -1
right_child=1 4 7 -5 6 -7 -8 -9 -10
leaf_value=0.11624830444853379 0.025553924424808978 0.17319986030842227 -0.042802133437341981 -0.089884295798769678 0.081148149082672691 -0.095144910158344642 0.021293205258803089 -0.17318407862381957 0.016969588929036952
leaf_weight=9.6463387273252028 23.222149878740311 1.1042564846575249 6.2872712649404985 9.1946420818567258 19.728911265730858 8.2901374697685224 108.69149944186211 6.8293991833925247 6.5410035699605933
leaf_count=27 84 3 26 39 54 82 341 32 23
internal_value=0.01436 0.00890632 -0.0370033 -0.00718877 0.0240747 -0.0636025 0.0304886 -0.110688 0.0761316
internal_weight=199.536 183.348 45.5335 32.4168 137.815 9.39439 128.42 13.1167 16.1873
internal_count=711 661 181 123 480 85 395 58 50
is_linear=0
shrinkage=0.1


Tree=19
num_leaves=13
num_cat=0
split_feature=29 30 39 29 28 34 34 36 28 33 41 49
split_gain=6.69963 7.6854 11.1081 9.55134 9.41269 7.87628 7.69141 7.30063 7.07752 5.5667 2.29909 1.13759
threshold=75.500000000000014 94.500000000000014 25.500000000000004 52.500000000000007 19.500000000000004 6051.0000000000009 5863.5000000000009 127.50000000000001 67.500000000000014 25.500000000000004 1.0000000180025095e-35 14.806034564971926
decision_type=2 2 2 2 2 2 2 2 2 2 2 2
left_child=1 4 3 -3 5 -1 -6 9 -9 -2 -11 -4
right_child=7 2 11 -5 6 -7 -8 8 -10 10 -12 -13
leaf_value=-0.0095205602494616223 -0.0087651501391455468 -0.064969709204398304 -0.15473254407456696 0.036794759692219174 0.076726278112538238 -0.15619427948099979 0.012764364298568554 0.056533909468786864 -0.087784233497396599 0.07464090974433292 0.14116860277285406 -0.078839417115159363
leaf_weight=22.918370727449659 5.6447649747133282 16.051742359995842 6.0832513272762281 21.67970684170723 28.62807260453701 4.3571918606758109 54.764169439673424 7.3433969467878324 6.32497438788414 12.205200716853144 9.0435774922370893 2.9246149212121964
leaf_count=134 18 69 30 62 75 21 183 24 22 36 23 14
internal_value=0.0130216 0.0036832 -0.0303177 -0.00649796 0.0180431 -0.0329513 0.0347221 0.0492609 -0.0102486 0.079506 0.102955 -0.130092
internal_weight=197.969 157.407 46.7393 37.7314 110.668 27.2756 83.3922 40.5619 13.6684 26.8935 21.2488 9.00787
internal_count=711 588 175 131 413 155 258 123 46 77 59 44
is_linear=0
shrinkage=0.1


end of trees

feature_importances:
entry_mcap=50
combined_notional=20
kol2_7d_wr=20
kol1_buy_usd=19
kol2_buy_usd=12
delta_blocks=12
kol1_idx=11
k1k2_ratio=10
kol1_7d_wr=9
holder_count=8
age_blocks=6
dev_sell_pct=5
combo_other=4
bnb_4h_chg=4
kol2_idx=3
combo_C→A=3
deployer_grad_rate=3
bnb_price=2
btc_4h_chg=2
deployer_reputation_score=2
dev_sell_usd=1
deployer_grads=1
dev_sell_rate=1

parameters:
[boosting: gbdt]
[objective: binary]
[metric: auc]
[tree_learner: serial]
[device_type: cpu]
[data_sample_strategy: bagging]
[data: ]
[valid: ]
[num_iterations: 20]
[learning_rate: 0.1]
[num_leaves: 15]
[num_threads: 16]
[seed: 42]
[deterministic: 0]
[force_col_wise: 0]
[force_row_wise: 0]
[histogram_pool_size: -1]
[max_depth: 4]
[min_data_in_leaf: 15]
[min_sum_hessian_in_leaf: 0.001]
[bagging_fraction: 0.8]
[pos_bagging_fraction: 1]
[neg_bagging_fraction: 1]
[bagging_freq: 0]
[bagging_seed: 400]
[bagging_by_query: 0]
[feature_fraction: 0.8]
[feature_fraction_bynode: 1]
[feature_fraction_seed: 30056]
[extra_trees: 0]
[extra_seed: 12879]
[early_stopping_round: 0]
[early_stopping_min_delta: 0]
[first_metric_only: 0]
[max_delta_step: 0]
[lambda_l1: 0]
[lambda_l2: 0]
[linear_lambda: 0]
[min_gain_to_split: 0]
[drop_rate: 0.1]
[max_drop: 50]
[skip_drop: 0.5]
[xgboost_dart_mode: 0]
[uniform_drop: 0]
[drop_seed: 17869]
[top_rate: 0.2]
[other_rate: 0.1]
[min_data_per_group: 100]
[max_cat_threshold: 32]
[cat_l2: 10]
[cat_smooth: 10]
[max_cat_to_onehot: 4]
[top_k: 20]
[monotone_constraints: ]
[monotone_constraints_method: basic]
[monotone_penalty: 0]
[feature_contri: ]
[forcedsplits_filename: ]
[refit_decay_rate: 0.9]
[cegb_tradeoff: 1]
[cegb_penalty_split: 0]
[cegb_penalty_feature_lazy: ]
[cegb_penalty_feature_coupled: ]
[path_smooth: 0]
[interaction_constraints: ]
[verbosity: -1]
[saved_feature_importance_type: 0]
[use_quantized_grad: 0]
[num_grad_quant_bins: 4]
[quant_train_renew_leaf: 0]
[stochastic_rounding: 1]
[linear_tree: 0]
[max_bin: 255]
[max_bin_by_feature: ]
[min_data_in_bin: 3]
[bin_construct_sample_cnt: 200000]
[data_random_seed: 175]
[is_enable_sparse: 1]
[enable_bundle: 1]
[use_missing: 1]
[zero_as_missing: 0]
[feature_pre_filter: 1]
[pre_partition: 0]
[two_round: 0]
[header: 0]
[label_column: ]
[weight_column: ]
[group_column: ]
[ignore_column: ]
[categorical_feature: ]
[forcedbins_filename: ]
[precise_float_parser: 0]
[parser_config_file: ]
[objective_seed: 16083]
[num_class: 1]
[is_unbalance: 1]
[scale_pos_weight: 1]
[sigmoid: 1]
[boost_from_average: 1]
[reg_sqrt: 0]
[alpha: 0.9]
[fair_c: 1]
[poisson_max_delta_step: 0.7]
[tweedie_variance_power: 1.5]
[lambdarank_truncation_level: 30]
[lambdarank_norm: 1]
[label_gain: ]
[lambdarank_position_bias_regularization: 0]
[eval_at: ]
[multi_error_top_k: 1]
[auc_mu_weights: ]
[num_machines: 1]
[local_listen_port: 12400]
[time_out: 120]
[machine_list_filename: ]
[machines: ]
[gpu_platform_id: -1]
[gpu_device_id: -1]
[gpu_use_dp: 0]
[num_gpu: 1]

end of parameters

pandas_categorical:[]
